537 491 
688 39 
394 83 
628 896 
406 370 
253 44 
970 509 
709 238 
904 45 
491 983 
790 395 
160 406 
379 863 
982 345 
545 406 
404 992 
70 16 
873 16 
343 851 
425 981 
134 960 
520 331 
484 478 
965 71 
479 95 
764 592 
29 99 
130 776 
519 350 
105 521 
237 99 
628 600 
923 694 
240 901 
572 862 
331 795 
280 499 
188 755 
287 241 
305 412 
142 19 
351 715 
504 286 
953 402 
223 715 
146 554 
648 614 
491 666 
76 958 
445 681 
9 76 
172 9 
945 674 
525 896 
15 13 
955 263 
20 746 
717 115 
734 805 
169 706 
63 570 
95 688 
592 28 
871 880 
12 494 
175 659 
919 526 
205 212 
649 415 
185 16 
790 163 
288 364 
705 131 
684 441 
944 199 
477 659 
425 446 
891 876 
604 352 
750 793 
697 987 
430 274 
436 453 
982 103 
769 697 
251 618 
148 919 
164 487 
711 344 
438 235 
912 310 
118 436 
197 854 
906 276 
541 236 
786 233 
734 188 
553 344 
177 458 
571 672 
584 18 
824 312 
617 216 
63 579 
947 60 
880 832 
895 530 
389 696 
147 897 
520 967 
278 422 
327 850 
17 896 
541 718 
991 590 
482 297 
568 161 
293 931 
954 602 
56 820 
41 13 
892 898 
399 762 
654 453 
896 777 
773 757 
665 510 
945 531 
407 343 
776 4 
925 606 
220 248 
997 26 
744 775 
354 109 
656 39 
169 240 
144 893 
474 720 
701 534 
799 7 
265 357 
32 940 
222 928 
148 54 
59 541 
67 92 
500 455 
929 216 
197 319 
72 126 
713 720 
21 121 
735 375 
335 998 
374 117 
32 287 
61 35 
870 311 
668 442 
567 466 
167 307 
202 600 
143 840 
299 384 
52 457 
91 186 
208 634 
262 792 
77 671 
637 497 
948 224 
600 748 
615 38 
102 856 
986 132 
971 230 
710 388 
491 878 
608 686 
747 679 
995 446 
424 183 
396 465 
275 838 
86 568 
974 618 
897 327 
747 326 
521 182 
35 965 
846 845 
767 389 
887 482 
277 872 
972 359 
816 995 
452 937 
214 921 
911 879 
48 226 
125 667 
571 292 
412 716 
385 34 
84 462 
744 845 
198 849 
852 569 
655 350 
999 368 
611 321 
774 957 
229 542 
190 643 
228 511 
663 184 
441 342 
949 797 
613 193 
432 104 
926 516 
167 215 
226 737 
102 301 
523 245 
349 420 
451 224 
511 617 
255 518 
612 244 
781 455 
951 820 
529 709 
269 656 
421 570 
122 88 
99 113 
3 285 
235 726 
885 176 
644 235 
44 777 
350 833 
649 476 
753 894 
357 517 
108 389 
623 761 
227 350 
497 292 
57 150 
915 697 
915 138 
738 551 
450 872 
912 733 
350 485 
26 658 
504 787 
906 542 
835 910 
722 703 
892 905 
797 848 
823 130 
55 103 
285 852 
531 583 
616 659 
485 933 
441 245 
182 811 
178 491 
652 289 
483 885 
142 692 
223 168 
401 753 
99 93 
650 323 
541 377 
784 48 
857 483 
995 187 
936 680 
797 747 
128 903 
112 875 
582 838 
713 950 
41 610 
134 486 
487 387 
422 38 
950 917 
123 934 
528 805 
648 975 
113 119 
534 619 
166 39 
335 168 
883 760 
262 910 
407 847 
138 240 
856 479 
697 402 
227 727 
641 190 
804 726 
287 579 
382 564 
733 81 
929 105 
240 885 
799 352 
371 673 
899 42 
60 777 
95 328 
932 961 
609 27 
511 961 
49 9 
803 726 
399 218 
240 92 
607 23 
939 168 
123 241 
980 836 
943 674 
589 910 
907 504 
951 604 
866 830 
603 985 
463 285 
709 661 
111 269 
567 418 
519 369 
290 272 
707 521 
172 164 
618 992 
509 467 
747 491 
189 974 
56 305 
240 12 
279 233 
739 147 
191 170 
591 631 
652 456 
137 55 
966 256 
407 674 
109 555 
137 628 
49 150 
104 271 
296 927 
755 916 
673 460 
896 648 
323 424 
439 746 
309 65 
122 263 
809 561 
187 637 
212 770 
889 326 
207 265 
763 388 
191 8 
128 254 
325 318 
152 172 
676 467 
810 937 
703 702 
866 272 
252 333 
19 573 
960 36 
686 183 
873 441 
30 813 
824 287 
594 740 
445 339 
392 646 
646 928 
176 777 
454 36 
169 571 
282 214 
360 7 
473 253 
191 341 
538 478 
632 893 
478 582 
916 907 
525 543 
649 142 
109 940 
718 114 
116 107 
653 877 
646 40 
617 799 
292 61 
38 586 
929 29 
57 83 
399 328 
46 620 
507 51 
190 207 
274 771 
459 450 
254 405 
172 347 
469 268 
828 585 
523 402 
585 74 
785 417 
885 910 
79 385 
838 681 
469 578 
964 811 
525 242 
254 98 
850 47 
733 573 
493 516 
228 310 
80 279 
606 489 
160 972 
439 542 
933 475 
181 542 
621 228 
148 714 
995 268 
569 569 
482 194 
523 578 
812 569 
224 43 
602 977 
528 113 
532 438 
387 293 
230 999 
68 985 
310 142 
67 63 
283 975 
367 157 
673 173 
478 678 
11 792 
977 791 
869 977 
459 197 
932 866 
828 505 
795 644 
811 718 
780 245 
739 960 
792 73 
898 87 
409 514 
337 67 
120 301 
914 468 
983 502 
77 934 
288 702 
529 608 
741 924 
823 397 
512 506 
940 887 
595 760 
387 252 
633 423 
626 536 
376 506 
105 197 
820 516 
20 751 
517 279 
376 795 
588 988 
435 390 
810 267 
849 321 
495 301 
938 894 
358 516 
95 126 
16 492 
235 451 
972 754 
936 942 
123 156 
533 569 
884 470 
351 127 
648 582 
500 276 
654 432 
102 311 
776 165 
534 954 
313 92 
64 783 
506 838 
320 8 
255 468 
386 479 
290 64 
316 710 
946 339 
285 342 
353 74 
274 546 
422 206 
698 957 
71 953 
948 887 
423 599 
637 664 
950 652 
941 242 
443 830 
728 754 
867 332 
390 747 
846 483 
597 611 
803 617 
744 244 
694 627 
962 734 
888 281 
953 374 
383 830 
648 132 
555 182 
556 812 
358 332 
795 180 
44 35 
967 733 
93 664 
841 806 
746 273 
396 179 
901 179 
754 898 
676 894 
162 621 
104 755 
708 233 
78 168 
53 418 
782 459 
269 816 
672 130 
396 524 
741 723 
404 18 
467 829 
324 200 
251 334 
223 377 
469 852 
623 284 
320 392 
414 227 
806 956 
568 90 
150 836 
897 856 
643 286 
468 798 
298 689 
678 999 
379 991 
511 741 
457 741 
148 481 
38 956 
707 996 
445 256 
878 209 
121 731 
939 98 
675 727 
819 507 
739 467 
367 463 
309 187 
558 348 
515 709 
109 795 
532 337 
909 413 
749 872 
116 529 
262 69 
817 243 
310 273 
97 943 
853 183 
635 901 
619 910 
737 264 
725 138 
487 585 
757 355 
299 695 
912 91 
778 429 
776 623 
799 759 
234 683 
840 82 
914 178 
372 510 
75 570 
647 235 
530 488 
689 782 
924 146 
670 256 
796 640 
65 881 
234 118 
97 96 
366 160 
924 622 
633 373 
174 462 
24 895 
67 68 
141 317 
391 330 
962 182 
653 818 
454 90 
952 350 
128 214 
219 192 
697 379 
86 579 
916 862 
682 371 
429 605 
665 211 
970 880 
928 680 
951 360 
202 866 
646 38 
139 396 
223 461 
912 517 
265 584 
727 798 
625 539 
289 889 
539 339 
572 519 
826 654 
268 867 
60 241 
584 599 
855 250 
668 595 
252 809 
266 524 
618 459 
25 242 
601 401 
427 685 
674 834 
424 654 
632 770 
972 816 
87 257 
910 996 
737 942 
889 823 
777 117 
4 622 
754 534 
588 119 
82 229 
407 112 
69 202 
330 885 
164 219 
994 64 
664 298 
789 876 
981 295 
83 848 
929 814 
733 120 
435 417 
297 968 
77 711 
234 367 
253 491 
394 330 
696 582 
430 921 
658 205 
446 970 
673 877 
837 239 
994 445 
909 873 
264 931 
53 26 
574 779 
598 580 
153 631 
702 540 
125 670 
916 895 
43 769 
663 62 
276 655 
905 124 
238 473 
144 574 
395 292 
613 679 
237 844 
179 973 
637 214 
819 989 
142 99 
817 729 
954 98 
760 285 
470 351 
30 779 
808 973 
592 526 
869 748 
59 924 
714 839 
851 2 
23 587 
897 970 
113 279 
921 503 
574 545 
20 626 
685 965 
813 880 
196 260 
459 395 
165 428 
823 890 
108 565 
100 212 
47 256 
324 866 
784 628 
258 958 
331 351 
68 675 
120 969 
421 447 
145 13 
222 789 
397 486 
413 751 
110 376 
977 611 
74 190 
112 327 
624 740 
845 78 
187 511 
119 996 
867 22 
466 546 
72 286 
709 288 
134 411 
93 579 
545 817 
472 445 
863 614 
160 170 
619 675 
544 613 
149 45 
34 762 
508 705 
805 26 
282 421 
684 443 
340 280 
13 983 
389 873 
948 165 
967 929 
97 173 
198 463 
75 759 
521 149 
439 350 
207 944 
995 748 
115 595 
395 929 
180 434 
791 244 
825 142 
455 795 
472 298 
476 81 
808 86 
750 25 
666 348 
599 744 
956 548 
922 20 
203 727 
639 467 
227 761 
675 616 
826 164 
859 451 
590 178 
503 570 
150 841 
687 473 
316 891 
910 705 
214 875 
129 614 
152 973 
787 522 
333 541 
202 324 
77 291 
429 858 
739 624 
838 226 
213 189 
913 700 
989 251 
228 515 
508 54 
903 725 
586 617 
445 116 
147 744 
519 436 
126 821 
776 41 
237 695 
731 249 
703 829 
689 833 
738 950 
173 302 
145 226 
114 477 
934 831 
63 524 
877 538 
663 786 
874 446 
458 827 
841 826 
147 782 
745 819 
103 779 
895 876 
539 664 
327 384 
114 701 
185 674 
145 499 
785 457 
469 211 
268 853 
534 748 
663 286 
740 641 
494 288 
830 17 
78 842 
630 773 
678 999 
884 721 
576 703 
444 542 
228 676 
364 439 
26 884 
604 8 
468 9 
171 405 
18 61 
325 739 
487 677 
595 775 
435 353 
90 197 
842 191 
597 101 
587 295 
444 934 
235 318 
171 190 
563 240 
769 953 
485 191 
549 294 
905 43 
70 850 
361 998 
113 889 
19 694 
898 931 
352 552 
774 364 
125 803 
453 582 
147 16 
369 200 
819 235 
302 876 
702 362 
358 987 
983 197 
77 392 
275 169 
569 317 
444 354 
95 206 
245 730 
428 692 
338 564 
981 325 
104 450 
375 509 
915 731 
291 687 
479 619 
874 488 
648 388 
819 16 
567 184 
411 390 
910 358 
459 785 
111 904 
322 43 
604 695 
106 420 
249 783 
211 399 
550 14 
744 590 
391 898 
823 738 
725 500 
85 125 
796 586 
950 176 
143 278 
504 35 
848 627 
885 362 
507 927 
432 241 
825 262 
105 374 
45 128 
950 792 
379 625 
761 275 
488 620 
878 784 
468 381 
998 764 
943 695 
568 92 
216 528 
614 954 
531 330 
902 106 
554 162 
14 409 
766 149 
936 532 
670 260 
828 576 
957 605 
206 905 
944 507 
282 269 
506 143 
576 395 
941 522 
39 552 
536 280 
996 273 
656 491 
573 15 
902 144 
181 695 
349 329 
626 888 
414 440 
32 234 
308 23 
953 349 
389 64 
995 409 
616 533 
297 711 
937 373 
723 403 
980 466 
117 164 
795 272 
679 584 
959 337 
477 782 
709 47 
890 924 
804 678 
860 347 
970 747 
896 775 
233 216 
781 267 
29 162 
116 690 
877 824 
20 654 
182 421 
158 436 
597 639 
899 112 
159 27 
31 102 
465 578 
319 208 
741 57 
196 63 
808 826 
366 787 
474 285 
828 430 
472 407 
856 714 
527 135 
28 475 
816 523 
88 848 
313 65 
641 361 
216 929 
174 127 
476 224 
729 236 
717 120 
829 709 
136 329 
721 25 
806 982 
996 880 
129 691 
127 718 
335 498 
798 656 
210 26 
227 331 
899 810 
28 744 
290 356 
672 359 
125 380 
363 224 
782 797 
449 475 
151 288 
246 854 
122 75 
817 161 
914 429 
152 847 
803 9 
681 188 
212 3 
728 270 
606 526 
508 336 
169 664 
141 729 
803 629 
252 648 
464 775 
28 804 
483 860 
94 844 
807 303 
34 290 
114 729 
538 119 
455 846 
718 869 
954 610 
257 46 
854 731 
698 805 
733 618 
963 960 
957 523 
112 604 
698 610 
465 765 
28 393 
678 514 
226 594 
107 109 
422 729 
234 899 
479 151 
654 904 
540 475 
75 539 
531 948 
586 589 
320 267 
562 977 
862 986 
967 127 
157 745 
41 826 
315 240 
958 696 
371 155 
737 372 
980 318 
938 805 
304 316 
183 992 
269 19 
342 436 
107 288 
267 731 
560 672 
55 510 
290 599 
366 986 
889 512 
389 793 
406 149 
842 914 
876 16 
644 412 
808 772 
904 502 
161 913 
543 374 
286 713 
258 187 
141 351 
479 702 
963 842 
25 131 
687 582 
209 914 
297 632 
420 749 
348 201 
608 373 
147 148 
408 610 
988 97 
916 174 
949 175 
209 533 
435 95 
536 568 
975 983 
235 204 
576 839 
983 942 
251 830 
752 673 
417 493 
715 506 
105 197 
56 381 
434 311 
147 655 
497 139 
306 370 
532 249 
375 335 
584 588 
7 893 
86 590 
696 488 
288 760 
350 62 
729 911 
524 583 
912 920 
556 878 
762 168 
952 881 
744 783 
701 98 
687 957 
120 344 
808 516 
917 541 
294 621 
990 763 
356 925 
705 589 
733 600 
938 317 
51 852 
849 531 
825 894 
67 629 
194 517 
775 644 
112 42 
317 292 
6 778 
135 671 
964 898 
153 351 
703 728 
633 754 
404 51 
6 315 
466 525 
415 693 
831 807 
304 35 
155 271 
827 911 
267 489 
997 726 
775 740 
818 259 
767 618 
7 502 
56 974 
389 319 
998 213 
295 722 
937 959 
356 120 
839 877 
122 790 
570 183 
642 585 
831 441 
446 996 
861 491 
478 139 
653 326 
472 153 
12 273 
287 811 
175 984 
587 649 
290 921 
42 661 
332 796 
457 353 
575 322 
918 406 
729 300 
401 330 
558 829 
14 781 
400 987 
686 276 
276 864 
622 549 
582 670 
133 526 
922 841 
506 781 
226 296 
45 195 
757 272 
927 630 
215 29 
683 766 
605 886 
72 414 
168 496 
420 296 
831 999 
773 415 
893 840 
757 552 
899 968 
755 525 
836 715 
824 987 
571 707 
930 896 
532 938 
17 96 
674 237 
651 11 
875 995 
554 679 
274 492 
823 226 
956 259 
937 463 
475 977 
851 592 
192 78 
452 888 
446 625 
140 727 
171 22 
13 408 
928 572 
239 119 
981 119 
811 843 
706 717 
526 176 
1 78 
454 798 
832 166 
256 488 
948 892 
189 112 
32 311 
853 393 
576 364 
916 892 
856 155 
978 451 
70 570 
242 443 
236 318 
287 501 
563 244 
868 419 
514 790 
413 942 
325 875 
639 737 
241 289 
758 351 
55 586 
37 161 
14 161 
754 34 
533 945 
613 244 
275 913 
152 851 
852 911 
741 868 
195 798 
166 916 
783 79 
79 115 
81 51 
660 141 
792 51 
211 157 
63 99 
778 909 
789 316 
203 166 
970 878 
872 525 
17 349 
425 422 
571 851 
644 857 
593 93 
27 26 
253 362 
655 578 
635 768 
870 161 
538 366 
205 566 
83 791 
544 432 
434 574 
9 318 
262 890 
364 428 
789 339 
43 139 
897 908 
646 698 
959 425 
29 206 
653 74 
536 663 
267 276 
365 722 
773 273 
901 943 
829 58 
811 785 
640 422 
754 335 
261 652 
740 54 
760 201 
477 301 
82 149 
184 592 
393 266 
307 660 
865 879 
286 193 
875 119 
949 910 
25 285 
215 667 
442 597 
477 43 
452 522 
847 886 
88 287 
752 747 
937 903 
403 157 
800 805 
435 269 
744 42 
565 541 
554 306 
319 723 
980 914 
294 443 
330 470 
770 98 
311 159 
227 390 
464 917 
152 423 
646 826 
796 104 
482 595 
48 340 
781 204 
256 88 
82 706 
893 182 
630 909 
165 678 
78 21 
203 789 
531 274 
932 426 
656 151 
94 409 
641 426 
992 267 
406 919 
863 405 
945 953 
623 542 
53 211 
444 636 
97 978 
511 714 
756 936 
634 290 
962 985 
272 505 
745 41 
348 133 
984 590 
534 292 
674 646 
514 981 
327 462 
468 588 
877 823 
244 470 
872 509 
452 284 
850 932 
976 617 
553 735 
781 762 
260 329 
281 236 
583 728 
76 218 
182 279 
100 272 
735 275 
666 809 
911 589 
966 293 
137 396 
498 709 
476 50 
130 416 
34 581 
129 200 
393 855 
997 55 
318 10 
689 84 
860 880 
29 902 
30 414 
719 648 
417 801 
851 490 
675 669 
664 461 
530 68 
785 371 
875 813 
670 25 
218 648 
140 722 
324 595 
291 279 
447 353 
311 11 
402 980 
377 9 
732 526 
626 63 
120 1 
668 275 
674 63 
77 74 
515 450 
864 208 
29 692 
400 852 
335 619 
57 3 
454 533 
338 747 
336 333 
135 591 
674 773 
974 431 
533 268 
64 326 
393 509 
83 871 
448 706 
177 25 
869 221 
830 750 
769 378 
9 872 
928 888 
71 568 
480 819 
402 967 
298 41 
948 955 
300 450 
492 536 
201 819 
205 36 
733 5 
783 405 
931 593 
93 47 
170 833 
678 595 
276 496 
837 805 
149 69 
709 263 
80 228 
909 133 
363 17 
928 380 
360 23 
788 517 
870 206 
228 458 
317 291 
243 87 
284 835 
316 244 
630 53 
46 110 
71 664 
905 608 
976 574 
29 607 
879 996 
970 26 
195 518 
208 966 
389 929 
366 348 
497 834 
601 127 
651 171 
913 596 
428 478 
645 779 
337 36 
277 491 
192 217 
775 28 
779 638 
41 649 
227 533 
952 364 
832 996 
799 595 
265 539 
531 928 
341 483 
413 794 
721 868 
158 425 
378 60 
125 178 
316 322 
246 949 
499 506 
784 886 
280 815 
35 130 
28 244 
112 720 
460 172 
510 652 
502 503 
421 219 
781 624 
367 582 
728 486 
626 370 
97 302 
226 821 
490 855 
186 20 
864 143 
237 867 
758 944 
883 154 
986 992 
606 897 
77 376 
744 51 
296 632 
691 125 
793 401 
297 959 
193 452 
781 714 
613 961 
636 237 
523 724 
744 40 
868 495 
893 569 
787 924 
312 307 
7 439 
818 902 
592 753 
1 841 
85 975 
616 201 
685 752 
339 815 
638 885 
474 659 
450 513 
709 122 
345 18 
467 268 
983 558 
453 619 
502 497 
984 767 
234 866 
927 374 
124 744 
831 283 
807 495 
326 228 
792 208 
646 202 
263 1 
78 477 
931 633 
118 508 
200 835 
638 377 
736 402 
494 788 
982 329 
135 215 
993 443 
699 527 
808 887 
688 698 
953 189 
998 235 
331 925 
693 584 
362 546 
844 833 
589 616 
563 688 
517 536 
36 911 
749 195 
759 78 
310 753 
880 161 
998 588 
980 237 
986 413 
674 189 
669 163 
573 983 
643 703 
592 143 
278 379 
508 486 
639 515 
36 901 
224 248 
837 409 
203 834 
901 564 
931 973 
276 238 
759 986 
640 993 
410 675 
19 667 
908 367 
152 533 
999 836 
848 814 
347 422 
140 538 
730 852 
461 558 
498 287 
608 590 
267 641 
814 909 
869 752 
589 601 
719 392 
229 610 
515 138 
283 129 
447 254 
702 322 
81 525 
153 892 
55 719 
384 352 
196 871 
178 599 
934 364 
469 928 
888 113 
675 866 
428 321 
139 367 
386 834 
759 377 
810 3 
818 933 
636 651 
323 362 
690 328 
544 265 
926 164 
760 111 
659 387 
817 641 
468 530 
309 220 
856 363 
246 83 
371 787 
161 192 
617 519 
982 970 
34 259 
21 201 
299 767 
917 560 
504 169 
414 871 
891 701 
331 678 
124 850 
104 13 
197 865 
92 173 
122 747 
749 800 
870 713 
143 184 
72 759 
439 91 
340 887 
411 609 
497 300 
469 955 
831 381 
852 313 
962 59 
837 989 
780 339 
917 12 
659 209 
975 793 
195 522 
864 531 
815 397 
569 453 
243 970 
655 467 
493 122 
828 402 
373 686 
906 985 
486 931 
128 997 
57 792 
272 809 
32 241 
82 314 
454 457 
16 523 
860 217 
633 876 
828 658 
135 993 
630 971 
551 870 
747 648 
1 528 
913 369 
967 764 
827 458 
271 149 
402 819 
75 263 
802 43 
365 874 
87 94 
338 632 
509 825 
596 438 
679 997 
715 184 
296 142 
251 456 
578 501 
885 939 
930 556 
637 760 
548 124 
317 45 
744 897 
200 916 
869 362 
158 788 
368 904 
107 557 
403 363 
979 391 
948 195 
851 215 
387 413 
314 334 
550 817 
406 168 
83 543 
45 412 
889 138 
173 32 
720 414 
762 32 
401 671 
460 583 
846 909 
43 120 
651 747 
94 800 
963 276 
402 658 
907 525 
956 734 
85 32 
618 809 
852 591 
58 24 
858 171 
555 208 
654 431 
567 902 
382 512 
705 38 
536 526 
678 194 
585 33 
82 820 
125 83 
807 547 
123 111 
72 908 
157 87 
860 350 
916 279 
734 114 
212 740 
466 106 
458 809 
764 603 
563 615 
23 165 
690 943 
656 412 
662 193 
75 303 
500 959 
530 582 
78 771 
686 204 
99 796 
497 463 
899 513 
683 79 
720 218 
473 167 
473 144 
934 298 
274 564 
83 623 
653 933 
845 621 
732 332 
513 449 
5 899 
759 399 
749 100 
831 85 
745 677 
330 458 
363 645 
378 736 
897 300 
962 894 
370 414 
706 332 
256 364 
171 318 
926 424 
146 655 
224 68 
158 841 
408 501 
178 911 
169 514 
912 722 
940 40 
495 306 
214 736 
874 806 
596 896 
582 497 
935 354 
610 669 
444 734 
152 823 
300 414 
493 170 
290 35 
385 153 
875 537 
73 721 
26 666 
6 854 
473 578 
240 723 
695 889 
52 568 
367 331 
119 986 
575 193 
259 364 
268 575 
373 431 
191 776 
589 146 
845 500 
669 619 
437 336 
427 660 
963 155 
659 911 
262 286 
877 698 
428 723 
232 549 
824 574 
502 550 
139 501 
18 413 
537 498 
800 767 
778 243 
497 25 
152 301 
878 851 
889 230 
584 455 
396 681 
733 822 
457 167 
858 511 
555 151 
612 687 
933 542 
519 490 
929 629 
840 544 
836 928 
860 560 
830 951 
120 475 
425 577 
14 921 
548 370 
440 207 
109 818 
695 687 
218 935 
641 665 
32 322 
435 104 
44 222 
523 173 
855 352 
485 840 
349 430 
333 494 
131 623 
498 548 
214 612 
259 496 
397 368 
98 913 
456 289 
62 846 
653 830 
677 431 
484 383 
809 15 
663 107 
609 486 
831 329 
264 938 
124 324 
689 266 
118 569 
229 594 
9 251 
579 823 
679 126 
3 364 
444 775 
276 150 
855 250 
201 591 
765 75 
504 373 
532 610 
392 346 
396 42 
687 827 
944 642 
721 914 
222 944 
675 530 
880 180 
808 295 
88 321 
372 670 
70 8 
53 53 
293 755 
114 394 
457 603 
24 252 
413 14 
938 846 
742 960 
435 41 
120 413 
503 179 
208 322 
255 308 
572 421 
437 247 
329 13 
194 578 
994 672 
49 978 
42 252 
105 161 
527 870 
473 761 
690 663 
75 540 
705 482 
667 164 
392 861 
145 668 
98 301 
444 124 
593 710 
670 170 
396 588 
640 705 
888 581 
784 640 
92 876 
124 64 
691 674 
842 528 
711 471 
804 534 
646 512 
903 942 
946 128 
387 946 
99 968 
975 333 
775 197 
325 268 
514 464 
802 829 
612 753 
309 237 
200 694 
193 491 
393 990 
556 341 
998 151 
715 1 
965 601 
292 339 
300 78 
678 482 
511 323 
164 915 
33 408 
672 425 
702 98 
739 418 
778 50 
654 296 
147 55 
106 813 
14 718 
409 617 
432 236 
605 68 
857 538 
165 854 
987 353 
606 249 
956 475 
483 900 
655 61 
742 59 
80 889 
558 962 
34 501 
204 298 
926 28 
32 141 
6 639 
918 995 
161 879 
155 30 
612 871 
501 280 
724 776 
484 212 
793 521 
681 727 
400 960 
354 414 
107 653 
52 871 
559 764 
772 649 
625 207 
855 450 
467 931 
945 319 
957 946 
492 396 
727 112 
532 140 
197 968 
739 481 
932 307 
882 574 
938 518 
877 609 
863 187 
210 162 
548 197 
986 869 
588 685 
629 792 
186 947 
817 348 
328 152 
791 87 
386 321 
539 667 
374 664 
841 844 
409 553 
509 415 
870 603 
102 933 
231 856 
727 31 
491 709 
448 3 
744 464 
399 493 
726 841 
3 247 
30 864 
115 497 
518 982 
855 623 
319 323 
13 112 
34 674 
618 892 
645 605 
945 500 
479 139 
71 611 
715 242 
838 148 
398 635 
743 835 
790 845 
297 613 
17 204 
672 350 
113 241 
34 501 
707 971 
437 241 
91 344 
897 201 
145 234 
201 452 
570 631 
463 190 
167 246 
924 548 
962 650 
974 525 
469 906 
754 996 
1 998 
122 971 
697 276 
254 402 
908 663 
798 558 
260 61 
306 879 
651 80 
547 234 
270 809 
658 578 
525 752 
927 627 
652 393 
543 285 
931 919 
371 550 
69 842 
189 495 
543 622 
533 208 
952 299 
521 766 
554 115 
598 824 
880 593 
503 553 
748 586 
926 290 
284 455 
219 791 
196 130 
170 52 
417 363 
727 40 
532 117 
533 718 
929 544 
95 583 
982 15 
838 92 
625 715 
57 795 
100 369 
155 327 
371 794 
303 72 
962 241 
255 858 
411 187 
76 732 
186 915 
240 771 
37 45 
933 343 
590 981 
833 545 
828 293 
326 958 
227 565 
189 135 
690 510 
82 818 
341 150 
983 437 
9 789 
108 919 
70 957 
265 654 
992 489 
742 195 
575 788 
757 251 
71 175 
123 110 
451 326 
525 949 
732 904 
230 438 
436 953 
520 407 
553 559 
165 71 
199 435 
621 734 
723 251 
503 930 
191 219 
441 584 
565 242 
984 727 
880 944 
72 245 
38 651 
264 154 
442 32 
234 922 
219 33 
275 681 
684 641 
7 552 
260 878 
141 201 
887 861 
400 837 
373 953 
26 120 
24 162 
820 17 
438 988 
339 495 
772 257 
199 712 
275 493 
330 584 
710 314 
988 566 
390 189 
689 815 
592 411 
721 947 
996 453 
997 462 
587 653 
215 175 
354 216 
915 189 
543 69 
404 264 
52 154 
396 803 
732 538 
185 919 
254 323 
498 500 
366 800 
542 932 
253 965 
421 210 
661 835 
620 382 
803 776 
248 53 
206 221 
901 184 
123 376 
54 159 
7 265 
67 923 
356 27 
462 904 
177 296 
720 344 
965 437 
979 602 
464 686 
928 28 
432 250 
993 407 
577 548 
932 196 
175 458 
147 34 
295 675 
470 747 
77 644 
43 353 
978 619 
750 430 
95 778 
668 371 
391 191 
386 880 
999 418 
579 190 
682 27 
272 101 
914 992 
324 358 
102 390 
832 824 
299 207 
714 82 
22 226 
77 164 
770 759 
675 400 
86 312 
870 552 
245 377 
457 241 
748 601 
833 994 
60 769 
391 479 
974 557 
151 505 
418 161 
308 521 
838 535 
859 828 
393 722 
115 215 
642 304 
810 878 
424 294 
155 433 
922 495 
654 898 
666 252 
791 961 
260 634 
895 437 
717 642 
2 752 
199 391 
118 569 
465 426 
251 175 
7 247 
63 331 
151 243 
115 355 
401 999 
818 158 
720 77 
512 146 
383 56 
586 457 
686 524 
731 835 
905 176 
570 788 
790 196 
201 807 
696 965 
226 596 
203 520 
463 101 
913 64 
15 430 
954 645 
829 836 
34 12 
255 884 
436 826 
890 213 
281 298 
210 767 
134 627 
786 295 
775 497 
148 415 
103 408 
469 549 
685 478 
11 694 
372 708 
802 544 
977 707 
391 183 
545 94 
956 405 
410 753 
841 761 
880 382 
351 522 
947 139 
879 866 
148 386 
744 843 
908 416 
689 563 
669 965 
641 733 
408 803 
708 527 
80 477 
950 792 
165 848 
219 733 
52 268 
577 626 
909 917 
975 893 
233 811 
501 563 
249 653 
441 295 
648 26 
709 179 
479 725 
258 259 
210 634 
110 104 
768 429 
317 342 
635 998 
890 725 
300 22 
38 713 
291 67 
408 204 
536 771 
926 874 
860 198 
491 647 
381 197 
17 493 
848 317 
992 728 
402 332 
535 360 
403 310 
894 362 
982 106 
980 906 
94 921 
278 935 
967 439 
500 736 
696 549 
68 674 
678 349 
99 432 
637 316 
926 728 
16 424 
501 602 
133 651 
342 855 
719 280 
791 49 
603 504 
111 639 
713 932 
832 469 
818 792 
72 520 
171 737 
798 821 
770 590 
683 606 
682 349 
278 437 
904 421 
685 249 
114 679 
89 899 
864 863 
986 46 
478 645 
920 23 
786 384 
617 605 
560 439 
889 424 
638 200 
279 608 
413 359 
273 759 
939 93 
129 862 
144 369 
63 759 
408 19 
101 22 
563 129 
376 282 
296 999 
873 955 
393 288 
774 795 
735 920 
468 749 
480 314 
240 409 
77 923 
540 44 
864 545 
992 264 
717 1 
249 975 
719 10 
885 544 
204 86 
945 972 
335 285 
725 996 
706 450 
269 967 
216 87 
402 312 
490 885 
115 715 
120 485 
50 709 
63 141 
377 81 
724 108 
550 840 
316 894 
640 69 
191 752 
566 555 
920 475 
163 723 
191 539 
146 161 
815 976 
643 484 
69 657 
544 597 
964 304 
580 112 
905 416 
916 424 
304 503 
968 771 
139 757 
640 833 
513 396 
170 882 
991 426 
412 836 
345 247 
829 325 
864 845 
348 227 
878 546 
462 770 
518 498 
679 412 
867 364 
41 310 
169 125 
585 417 
645 487 
758 580 
966 223 
880 567 
419 705 
376 40 
419 629 
145 32 
392 100 
355 150 
701 73 
318 240 
416 171 
487 598 
285 727 
239 639 
982 445 
781 25 
165 317 
889 701 
690 330 
712 225 
166 864 
267 624 
63 515 
705 478 
19 797 
508 719 
42 174 
158 429 
907 324 
756 945 
469 958 
188 236 
377 310 
855 300 
848 934 
297 996 
62 710 
161 199 
14 229 
420 220 
622 878 
176 589 
823 562 
5 228 
187 842 
998 872 
498 580 
687 191 
642 807 
665 788 
469 506 
328 130 
123 778 
624 467 
724 601 
478 862 
589 253 
937 744 
151 890 
515 626 
228 449 
910 973 
801 62 
247 48 
708 813 
914 408 
718 268 
714 73 
878 595 
429 372 
914 989 
606 961 
730 610 
186 652 
795 919 
573 770 
188 577 
392 150 
941 481 
256 725 
113 892 
620 770 
843 846 
708 602 
308 716 
372 680 
768 762 
788 745 
16 923 
364 969 
978 487 
137 584 
496 509 
467 438 
396 184 
145 186 
785 95 
179 762 
708 847 
108 324 
576 734 
780 901 
128 191 
657 898 
406 146 
687 945 
853 104 
138 53 
621 90 
574 859 
600 412 
733 681 
312 594 
360 60 
248 975 
626 529 
255 49 
275 700 
268 624 
762 15 
652 82 
670 454 
214 837 
870 727 
386 984 
221 7 
461 672 
367 344 
519 192 
917 382 
445 364 
614 204 
108 822 
356 938 
356 741 
1 879 
177 904 
103 932 
665 419 
352 746 
918 643 
828 213 
335 773 
730 444 
111 296 
80 174 
404 842 
374 877 
77 449 
613 946 
846 29 
702 539 
142 669 
796 34 
964 382 
339 683 
881 541 
320 903 
947 251 
208 355 
739 839 
114 351 
278 707 
607 208 
820 172 
420 368 
188 119 
816 950 
49 90 
287 709 
184 103 
633 82 
542 969 
928 697 
203 525 
488 586 
923 465 
716 959 
218 389 
468 93 
333 123 
717 53 
842 545 
129 958 
366 207 
704 652 
941 579 
134 800 
811 494 
948 286 
167 184 
315 69 
178 40 
151 33 
459 332 
914 178 
95 37 
320 286 
25 448 
623 128 
533 53 
134 280 
561 374 
49 596 
59 973 
761 589 
139 707 
944 661 
747 765 
585 435 
370 536 
733 474 
832 565 
366 682 
318 794 
460 160 
331 643 
636 781 
926 126 
216 427 
21 913 
647 828 
420 305 
227 817 
720 791 
553 926 
639 331 
272 950 
307 392 
732 329 
685 337 
916 634 
356 880 
839 947 
490 866 
938 887 
35 113 
684 504 
94 707 
