767 449 
397 324 
595 141 
135 435 
315 444 
191 915 
773 676 
2 198 
10 584 
351 580 
32 509 
62 610 
468 440 
359 141 
230 691 
488 237 
659 58 
188 886 
793 236 
956 392 
774 570 
678 613 
248 883 
709 405 
146 94 
217 475 
428 851 
169 82 
432 327 
457 721 
9 631 
549 738 
917 635 
634 991 
644 40 
636 91 
515 788 
202 767 
552 625 
217 64 
618 452 
693 479 
546 813 
688 154 
797 788 
105 370 
553 295 
622 143 
206 932 
146 371 
338 48 
709 383 
320 384 
788 720 
653 507 
18 374 
480 826 
226 8 
611 805 
825 912 
934 221 
666 248 
19 858 
134 654 
521 35 
253 841 
124 983 
631 738 
277 843 
876 434 
298 928 
845 36 
586 32 
484 401 
212 450 
419 519 
196 686 
413 398 
680 746 
821 624 
153 257 
521 95 
524 849 
620 121 
135 996 
577 384 
913 49 
931 423 
518 194 
196 22 
842 274 
163 69 
722 951 
400 987 
585 128 
479 828 
416 327 
720 115 
173 947 
515 929 
852 546 
866 403 
343 533 
775 409 
17 319 
991 242 
751 5 
931 920 
88 615 
174 899 
342 192 
988 683 
65 458 
400 129 
836 293 
759 596 
924 789 
890 290 
391 275 
685 188 
857 684 
750 858 
656 720 
391 460 
456 715 
866 143 
315 122 
99 246 
414 249 
391 159 
490 313 
609 716 
953 842 
193 73 
344 759 
686 613 
902 316 
842 828 
236 897 
189 639 
509 44 
716 425 
762 957 
220 514 
531 65 
810 112 
235 980 
268 878 
53 678 
722 702 
485 805 
168 787 
788 191 
931 832 
395 101 
798 718 
912 305 
818 698 
800 973 
472 741 
977 326 
340 751 
573 666 
47 400 
635 125 
817 381 
66 925 
799 698 
940 552 
409 217 
166 76 
675 505 
163 752 
772 505 
95 774 
405 760 
470 821 
59 836 
439 762 
581 47 
306 549 
191 269 
877 72 
787 249 
884 949 
730 809 
58 329 
828 969 
670 578 
798 603 
300 958 
536 146 
377 362 
203 472 
467 850 
896 830 
786 199 
106 774 
340 6 
577 307 
937 24 
510 306 
347 792 
840 24 
119 331 
564 11 
408 447 
239 947 
784 609 
408 939 
334 810 
993 508 
711 713 
915 790 
205 773 
123 286 
264 532 
162 371 
890 636 
215 669 
829 946 
523 874 
514 741 
178 263 
708 368 
157 297 
524 82 
754 902 
334 302 
706 716 
949 852 
54 789 
565 489 
634 360 
779 266 
389 488 
297 994 
511 7 
627 158 
173 330 
774 633 
72 943 
703 156 
947 12 
411 139 
609 959 
223 407 
249 872 
987 989 
50 805 
458 615 
757 480 
997 75 
652 747 
879 936 
230 55 
450 639 
852 333 
610 171 
694 987 
649 885 
458 27 
798 119 
911 431 
576 353 
817 703 
707 614 
791 276 
243 896 
74 822 
973 498 
745 965 
208 677 
440 430 
251 502 
131 750 
838 634 
654 889 
313 477 
146 704 
90 826 
516 782 
400 693 
883 476 
662 45 
571 401 
955 648 
319 896 
363 959 
319 982 
26 120 
956 885 
579 266 
468 64 
700 106 
358 561 
128 860 
59 482 
848 30 
392 89 
822 541 
955 700 
56 904 
650 131 
978 728 
255 924 
592 994 
153 730 
410 904 
932 921 
146 826 
901 558 
953 998 
479 996 
287 999 
467 378 
234 781 
543 987 
392 939 
566 630 
988 848 
675 981 
321 452 
160 165 
303 288 
603 190 
541 300 
101 730 
954 228 
269 357 
189 300 
629 200 
762 511 
420 558 
412 992 
247 583 
489 661 
844 589 
811 136 
295 341 
818 37 
820 960 
494 908 
826 866 
483 249 
320 217 
419 666 
685 665 
668 145 
521 757 
616 914 
805 402 
270 866 
226 197 
214 107 
861 347 
778 510 
353 400 
700 12 
785 127 
632 226 
156 325 
660 464 
781 850 
723 615 
467 607 
859 157 
652 502 
172 366 
20 490 
319 174 
94 600 
410 207 
141 146 
458 672 
735 390 
867 201 
640 997 
799 209 
335 260 
139 857 
434 50 
955 276 
400 946 
592 588 
853 175 
461 960 
783 668 
657 685 
822 259 
134 966 
43 773 
965 582 
200 467 
616 487 
36 503 
650 502 
214 759 
260 203 
160 171 
337 601 
831 775 
503 276 
504 66 
379 658 
66 255 
975 368 
768 651 
742 146 
748 986 
560 25 
954 361 
759 306 
165 820 
901 93 
235 485 
752 603 
590 360 
67 88 
814 348 
361 775 
423 823 
401 73 
599 204 
731 826 
881 971 
344 808 
868 848 
585 139 
706 92 
997 393 
607 305 
914 425 
355 344 
593 38 
542 300 
368 1 
434 817 
280 532 
20 340 
842 642 
66 879 
274 250 
94 190 
559 502 
324 892 
601 803 
546 330 
18 814 
155 545 
476 979 
335 962 
312 517 
686 751 
817 581 
659 439 
49 299 
965 915 
667 422 
180 328 
705 63 
870 540 
182 740 
910 973 
319 262 
335 533 
841 647 
357 695 
987 626 
350 254 
23 341 
624 266 
561 91 
295 530 
59 999 
132 51 
533 384 
335 393 
888 90 
487 89 
495 933 
331 314 
296 99 
98 996 
215 919 
887 29 
781 955 
788 605 
638 149 
950 297 
430 550 
544 208 
817 942 
231 683 
917 478 
795 285 
573 908 
34 215 
450 588 
862 776 
635 180 
854 432 
835 460 
563 129 
486 110 
25 945 
370 871 
424 159 
761 720 
840 779 
712 93 
734 744 
551 223 
662 288 
167 432 
862 558 
695 588 
935 240 
650 651 
344 805 
911 815 
209 581 
989 395 
302 697 
339 92 
590 54 
716 580 
497 502 
517 772 
705 401 
979 251 
946 990 
367 767 
680 752 
521 571 
83 244 
890 668 
108 773 
534 537 
500 93 
747 787 
856 468 
708 482 
470 437 
40 792 
249 941 
864 293 
745 386 
675 176 
870 10 
373 485 
100 114 
39 829 
404 331 
38 919 
515 344 
402 380 
919 921 
872 368 
693 462 
721 610 
106 497 
214 270 
544 515 
745 93 
243 47 
387 862 
764 852 
17 603 
28 878 
499 923 
818 263 
577 136 
645 475 
346 983 
350 389 
204 276 
674 695 
47 269 
365 527 
347 812 
29 609 
135 868 
675 985 
271 632 
248 972 
839 593 
971 914 
705 934 
945 834 
48 352 
609 476 
670 851 
912 855 
132 996 
297 619 
898 99 
77 588 
61 966 
812 295 
267 188 
340 465 
271 926 
60 921 
678 539 
548 557 
453 857 
150 611 
823 503 
665 370 
274 8 
251 724 
599 131 
861 271 
373 879 
354 926 
19 935 
485 588 
220 433 
15 232 
21 241 
232 989 
782 991 
986 143 
100 604 
304 32 
469 11 
42 801 
630 156 
498 201 
219 875 
544 841 
210 438 
923 72 
528 144 
741 331 
365 31 
942 380 
805 258 
59 848 
491 648 
440 230 
761 507 
396 699 
940 256 
53 52 
28 326 
948 461 
774 160 
313 438 
983 186 
13 512 
51 762 
706 565 
750 89 
848 553 
888 77 
691 261 
334 294 
720 937 
251 598 
149 491 
354 569 
465 135 
222 195 
539 881 
501 224 
913 122 
573 277 
251 866 
867 789 
23 288 
718 81 
714 846 
977 50 
306 544 
751 138 
747 284 
997 982 
598 538 
383 892 
617 140 
846 491 
41 370 
442 781 
28 589 
928 323 
406 30 
842 833 
258 657 
375 260 
241 929 
636 662 
744 595 
237 656 
279 586 
400 590 
84 182 
991 107 
751 942 
791 550 
570 613 
51 448 
768 830 
312 37 
455 363 
240 836 
155 146 
452 409 
556 833 
575 180 
168 194 
152 378 
12 431 
245 995 
735 958 
94 975 
13 262 
186 414 
524 623 
669 107 
121 284 
533 44 
874 24 
888 744 
483 112 
515 236 
977 42 
516 606 
848 723 
505 283 
659 988 
766 203 
646 240 
482 713 
563 130 
928 180 
652 53 
582 529 
366 994 
407 220 
393 75 
144 444 
567 553 
343 952 
373 898 
282 210 
506 126 
138 491 
429 643 
802 518 
69 295 
607 932 
394 845 
146 823 
583 587 
113 860 
323 415 
459 189 
18 864 
169 543 
632 683 
355 707 
723 275 
485 99 
221 415 
370 499 
222 928 
883 862 
455 541 
411 681 
345 996 
325 574 
83 831 
47 419 
217 187 
784 917 
526 31 
742 521 
345 424 
221 777 
244 57 
990 670 
887 908 
428 242 
521 805 
573 243 
706 660 
615 485 
250 765 
925 585 
157 313 
361 33 
111 888 
408 395 
322 328 
969 440 
3 502 
1 155 
689 567 
30 355 
63 155 
583 133 
466 908 
59 568 
945 456 
61 182 
300 809 
140 894 
281 58 
762 414 
346 813 
194 372 
918 914 
106 458 
284 272 
340 548 
98 894 
563 946 
340 324 
821 745 
575 59 
44 811 
26 686 
647 328 
358 496 
151 694 
463 713 
820 317 
823 296 
814 920 
156 40 
722 791 
463 664 
894 622 
380 436 
957 647 
971 886 
426 572 
521 430 
688 559 
475 997 
246 801 
110 615 
230 926 
40 990 
104 718 
345 48 
531 174 
22 220 
231 781 
682 301 
284 872 
639 738 
614 278 
393 711 
385 653 
283 268 
923 312 
264 801 
967 794 
887 419 
159 289 
850 222 
322 504 
246 434 
353 668 
462 151 
620 286 
493 847 
919 709 
745 251 
327 803 
654 8 
598 308 
611 355 
591 334 
8 875 
673 618 
612 112 
277 905 
468 247 
411 486 
924 623 
538 515 
548 790 
904 169 
695 693 
862 810 
583 510 
710 698 
311 572 
70 64 
784 244 
676 48 
513 386 
86 586 
383 473 
319 334 
22 501 
333 968 
280 820 
91 897 
340 948 
820 569 
315 125 
513 49 
464 983 
956 686 
12 174 
858 517 
116 133 
49 615 
187 92 
114 152 
16 35 
878 60 
702 385 
640 551 
370 171 
847 813 
509 103 
561 933 
410 857 
604 121 
101 812 
889 63 
746 419 
112 324 
5 874 
770 266 
89 343 
997 301 
534 520 
507 64 
70 455 
400 924 
749 212 
860 635 
49 642 
437 839 
27 757 
856 793 
350 29 
60 477 
853 577 
348 99 
899 30 
324 172 
404 622 
505 475 
791 628 
395 611 
571 167 
470 350 
501 638 
207 683 
104 145 
755 81 
68 521 
35 264 
394 407 
349 646 
702 665 
722 427 
76 799 
732 772 
114 422 
575 870 
434 961 
593 621 
494 395 
82 750 
650 887 
891 485 
561 249 
301 380 
248 277 
178 696 
814 986 
381 89 
161 242 
901 793 
643 356 
66 616 
173 340 
749 734 
671 702 
826 303 
493 708 
917 365 
681 285 
24 873 
730 270 
524 585 
3 857 
61 732 
351 696 
608 738 
546 971 
